-X---XXX-
-X-X-XXX-
-X-X-----
---XX-XX-
XX-XX-XX-
XX----XX-
XXX-X----
X-X-XXXX-
---------

 010100
010100
010100
 000100
010100
 000100
110100
 000100
111000
 000100
 000100
101000
101000
 010000
100100
101000
 001000
010100
100100
101000
101000
111000
 001000
101000
101000
110000
010100
011000
101000
100100
 010000
010100
010100
 001000
101000
111000
 001000
101000
101001
101001
 001000
010100
010100
100100
 001000
010100
 001000
101000
101000
 001000
 001000
101000
001100
010100
REGRESAR
 010100
 001000
 001000
 010000
 010000
 001000
 010000
 010000
 000100
 010100

010100
010100
010100
000100
010100
000100
110100
000100
111000
000100
000100
101000
101000
010000
100100
101000
001000
010100
100100
101000
101000
111000
001000
101000
101000
110000
010100
011000
101000
100100
010000
010100
010100
001000
101000
111000
001000
101000
101001
101001
001000
010100
010100
100100
001000
010100
001000
101000
101000
001000
001000
101000
001100
010100
010100
001000
001000
010000
010000
001000
010000
010000
000100
010100