
XXXXXXXX-
---------
-XX-XXXXX
XXX------
XXX--XXX-
XXXXXXXX-
XX-------
XX--XXXX-
XXX-----#

 001100
010100
010100
010100
010100
100100
 001000
100100
110000
 010000
010100
010100
010100
010100
 001000
101000
101001
011000
010100
010100
010100
010100
100100
101000
 010000
010100
010100
110000
101100
 010000
010100
010100
010100
010100
001100
111000
 010000
 001010
101010
 001010
 001010
 001010
 001110

001100
010100
010100
010100
010100
100100
001000
100100
110000
010000
010100
010100
010100
010100
001000
101000
101001
011000
010100
010100
010100
010100
100100
101000
010000
010100
010100
110000
101100
010000
010100
010100
010100
010100
001100
111000
010000
001010
101000
001010
001010
001010
001110


